1.4631003464996294e-19   2.568370456330329e-16
1.5752137347437697e-19   3.2099077277713983e-16
1.8549892429196352e-19   5.343544408790588e-16
2.094209998191902e-19   7.347929313083772e-16
2.4402895838002625e-19   9.99745208970619e-16
2.740500056130872e-19   1.159967763621496e-15
2.9817824902207874e-19   9.380418666398202e-16
3.126723059725827e-19   5.942118000989266e-16
3.4929106927659114e-19   7.585749976550572e-16
3.881460426894345e-19   1.0321026335952394e-15
4.45189741205968e-19   1.6642792798655201e-15
5.88756212485877e-19   2.984292415956712e-15
8.251256389961949e-19   6.275152976136309e-15
9.364601459689613e-19   2.0147795508604943e-15
1.0912152753664405e-18   2.8001046700143295e-15
1.2515852092020116e-18   3.6903288891892075e-15
1.4129905435864086e-18   4.060371184719455e-15
1.5132624234112705e-18   3.769532072740172e-15
1.5868201420507561e-18   2.829993583163979e-15
1.959490068104777e-18   5.020990906817008e-15
2.406955408476551e-18   6.978083572603855e-15
2.703065027947272e-18   7.759755105799043e-15
2.9566030635705072e-18   7.0525691216927775e-15
3.0516542502318416e-18   4.661343852357969e-15
3.4270763189623533e-18   6.687925503711954e-15
4.0785561880336765e-18   1.0670470317501678e-14
4.802953204744907e-18   1.6144320577655697e-14
5.837845071667298e-18   2.6310813592470634e-14
7.36257045110588e-18   4.023293108297023e-14
8.356004799144563e-18   3.855999187732231e-14
8.670244986951533e-18   2.521677469432112e-14
8.901911848638988e-18   1.5638180374924595e-14
1.0482990565931185e-17   2.291864164952158e-14
1.2876865900158127e-17   3.3233826271984454e-14
1.484740456258744e-17   3.7749792081843937e-14
1.6673969067967412e-17   3.151551590280445e-14
1.7301018871952935e-17   9.684022211803382e-16
