1.5701709436388641e-18   1.2440643664189445e-18
1.603645879080231e-18   1.345868127766734e-15
1.7096239235266301e-18   1.6533529088803656e-15
1.9316068453740715e-18   2.4051638075585003e-15
2.428442170143086e-18   4.5012450524709376e-15
3.0252441837548734e-18   8.069397057223341e-15
3.677811560585251e-18   1.3031213133243452e-14
4.7380772092730445e-18   2.3361099358880952e-14
6.197864282179581e-18   3.914245830175589e-14
7.839746132149753e-18   5.45440805706908e-14
9.132184691864406e-18   6.092293272410007e-14
1.0349474272514526e-17   5.764534110495044e-14
1.1376465523331885e-17   4.162298239682977e-14
1.1622124706586096e-17   3.176279892300057e-14
1.1945782818650522e-17   4.9662526913047816e-15
1.38727272483862e-17   7.22450190044732e-15
1.5721915247146864e-17   9.068652724148325e-15
1.7872055629620174e-17   1.0005503027009663e-14
2.0628651219634536e-17   9.643348657109098e-15
2.2884227680034944e-17   7.0059230156751185e-15
2.3378381217418876e-17   1.5098469667542819e-18
