1.6727519506688787e-18   1.1923345024266851e-18
1.6994277170339027e-18   3.6075767731007956e-16
1.8061705372901755e-18   4.605910882334381e-16
2.169131981964752e-18   7.576433618245913e-16
2.6450901020034238e-18   1.1576892402200632e-15
3.1766377631439605e-18   1.6331592847173936e-15
3.545553384286431e-18   1.892660763177421e-15
3.981541719029102e-18   2.025006335783354e-15
4.310355274930555e-18   1.790837545254268e-15
4.430391970959192e-18   1.4354558482147772e-15
4.581652455801076e-18   1.6480987616005992e-17
4.8998425475525284e-18   2.2965862529172384e-17
5.256147698080609e-18   3.141787151917867e-17
5.884497037823344e-18   4.7712857168845677e-17
6.488194613096377e-18   6.487254152787839e-17
7.330642111584208e-18   9.437131549419231e-17
8.082701436198083e-18   1.0605757546306114e-16
8.750207138279277e-18   8.820361835371695e-17
8.99388680908371e-18   5.70193428137434e-17
9.188097469966756e-18   1.665823894210269e-18
