1.458920478971216e-19   4365158322401647.5
1.5095717328239487e-19   3698281797802659
1.6347025315196888e-19   2964831389524339
1.7904591912628295e-19   2208004733018897
1.8667251080135866e-19   1882203890071882
1.994808388225733e-19   1565549005590312
2.1316799611540619e-19   1363536182161108.8
2.2140684371133764e-19   1224616199265046.5
2.4112729645157366e-19   1018591388054114.9
2.576719794076329e-19   928966386779936.2
2.7018018295681404e-19   900879421675133.4
2.832955738159519e-19   928966386779936.2
2.9424482088776823e-19   1034347970528327.1
3.0273358651967626e-19   1262796394780637.2
3.0852838451551314e-19   1639331057126311.5
3.0852838451551314e-19   2032357010936221
3.1146724734374456e-19   2406208925040110
3.1146724734374456e-19   3029237561818918
3.144341040783931e-19   3813584144935253
3.2350531698249145e-19   3270895480042217
3.3600865262227805e-19   2848830869668695
3.523195632263214e-19   2481227961424347.5
3.6942225643077653e-19   2032357010936221
3.873551678387488e-19   1770108958317418.5
4.2185644681009907e-19   1302166944735829
4.682249430010601e-19   1003074831082287.2
5.099291997687122e-19   749318865081305.2
5.71369424017914e-19   551230619217551.8
6.105733055787155e-19   458493658587651.25
6.463107361291844e-19   405508535448382.7
6.776846800951128e-19   364194458458205.25
7.17350202594601e-19   332149293747239.44
7.665703939418615e-19   317200112980870.06
7.961979964071936e-19   312368093309134.56
8.191677743210533e-19   322106879128342.8
8.34847936642862e-19   337287308658867.9
8.671144355597683e-19   381358414493525.3
8.837123725482318e-19   451509265181098.1
8.921301051552533e-19   542833531427476.6
9.006280202112832e-19   604412355018550.9
9.443473203260904e-19   526421154540765.6
9.901888919665829e-19   472788241280611.4
1.038255756828371e-18   418151186407884.9
1.1094945281197772e-18   358646557572959.5
1.174434287658118e-18   312368093309134.56
1.2669713620125671e-18   280543363795170.47
1.3411283889340784e-18   259816463262956.75
1.4196258964747548e-18   251961005798437.38
1.4605811509591203e-18   263835562167161.75
1.5027179370526418e-18   280543363795170.47
1.5314823268583913e-18   317200112980870.06
1.5756645642989228e-18   375549049094826
1.6521522489155876e-18   342504803484286.75
1.7323528848992973e-18   302923756181891.8
1.833749130603674e-18   251961005798437.38
1.9410801940536672e-18   219448862139151.62
2.0940235167518387e-18   185353162341480.7
2.2805357812638e-18   158976647131140.22
2.3912401186885214e-18   142779766264122.72
2.5553124166726548e-18   132231015535055.8
2.6793552711303666e-18   130216694473582.9
2.7829111525781745e-18   134276496113786.42
2.8631962718791414e-18   140604752412991.28
2.9180023613147925e-18   154170045294955.53
2.945797562997211e-18   171659034962341.9
2.973857525684216e-18   191131968780492.28
3.030781845935082e-18   229791168383191.62
3.2081763614553466e-18   200139740955226.56
3.3007300966615045e-18   179749076039935.5
3.493924937506173e-18   151821519360785.06
3.733656735664186e-18   120596119467010.81
4.066209243841959e-18   97274722377696.4
4.643349321090413e-18   69395823429200.96
5.153724655961664e-18   51050499997540.44
5.72019807099712e-18   41178134391478.414
6.2890299464825185e-18   32708954800422.3
6.849186605430396e-18   28488308696686.953
7.250075947303554e-18   25981646326295.676
7.674429719872835e-18   25196100579843.74
8.04697053428632e-18   25981646326295.676
8.357982342104992e-18   28488308696686.953
8.517967297464816e-18   31720011298087.008
8.681014617028563e-18   38135841449352.53
8.76370493808081e-18   47278824128061.33
8.847182919273878e-18   60441235501855.09
8.847182919273878e-18   70469306896714.53
9.635191319191418e-18   57720931794247.27
1.0296299322901117e-17   48752849010338.5
1.1320191010166404e-17   39324813050056.08
1.2684135405827382e-17   31720011298087.008
1.3813896747565729e-17   27626974913629.266
1.4484466487912145e-17   26791683248190.258
1.504428463170917e-17   26791683248190.258
1.547830214798363e-17   27626974913629.266
1.6076531595015386e-17   29830921321987.594
1.638426174857332e-17   33214929374723.94
1.6697882342295345e-17   39933128285559.79
1.6856936705487934e-17   57720931794247.27
1.7017506128490623e-17   87364165587402.06
1.7179605042886315e-17   144988425388059.16
1.7179605042886315e-17   219448862139151.62
1.7179605042886315e-17   317200112980870.06
1.7343248017724672e-17   652629448753028.9
1.7179605042886315e-17   1034347970528327.1
1.7343248017724672e-17   1169499391019865.2
